2016/11/09,20:44:30,22904542,120272824,0,1014,22,26,39,49,31,46,58
2016/11/09,20:44:33,22904542,120272824,0,1014,22,26,39,49,31,44,58
2016/11/09,20:44:34,22904542,120272824,0,1014,22,26,39,49,31,44,57
2016/11/09,20:44:35,22904542,120272824,0,1014,22,26,40,53,31,45,58
2016/11/09,20:44:36,22904542,120272824,0,1014,22,26,40,53,31,45,58
2016/11/09,20:44:37,22904542,120272824,0,1014,22,26,40,53,31,45,58
2016/11/09,20:44:39,22904542,120272816,0,1014,22,26,40,53,31,45,58
2016/11/09,20:44:40,22904542,120272816,0,1014,22,28,42,57,31,46,58
2016/11/09,20:44:41,22904542,120272816,0,1014,22,28,42,57,33,46,59
2016/11/09,20:44:42,22904542,120272816,0,1014,22,28,42,58,33,46,59
2016/11/09,20:44:43,22904542,120272816,0,1014,22,28,42,58,33,46,59
2016/11/09,20:44:44,22904542,120272816,0,1014,22,28,42,58,33,45,59
2016/11/09,20:44:46,22904542,120272816,0,1014,22,28,42,54,33,45,59
2016/11/09,20:44:47,22904542,120272816,0,1014,22,28,42,54,33,45,59
2016/11/09,20:44:48,22904542,120272816,0,1014,22,28,42,54,33,45,59
2016/11/09,20:44:49,22904542,120272816,0,1014,22,27,42,56,33,45,57
2016/11/09,20:44:50,22904542,120272816,0,1014,22,27,42,56,33,45,57
2016/11/09,20:44:51,22904542,120272816,0,1014,22,27,42,56,33,45,57
2016/11/09,20:44:53,22904542,120272816,0,1014,22,27,41,56,33,45,57
2016/11/09,20:44:54,22904542,120272816,0,1014,22,27,41,56,32,46,57
2016/11/09,20:44:55,22904542,120272816,0,1014,22,27,41,56,33,46,57
2016/11/09,20:44:56,22904542,120272816,0,1014,22,27,41,54,33,46,57
2016/11/09,20:44:57,22904542,120272816,0,1014,22,27,41,54,33,46,57
2016/11/09,20:44:59,22904542,120272816,0,1014,22,27,41,54,33,46,57
2016/11/09,20:45:00,22904542,120272816,0,1014,22,27,41,54,34,46,58
2016/11/09,20:45:01,22904542,120272816,0,1014,22,26,40,54,33,46,58
2016/11/09,20:45:02,22904542,120272816,0,1014,22,26,40,54,33,45,57
2016/11/09,20:45:03,22904542,120272816,0,1014,22,26,40,54,33,45,57
2016/11/09,20:45:05,22904542,120272808,0,1014,22,26,40,54,33,45,57
2016/11/09,20:45:06,22904542,120272808,0,1014,22,26,40,54,31,46,57
2016/11/09,20:45:07,22904542,120272808,0,1014,22,28,41,53,33,46,58
2016/11/09,20:45:08,22904542,120272808,0,1014,22,28,41,53,33,46,58
2016/11/09,20:45:09,22904542,120272808,0,1014,22,28,41,53,33,46,58
2016/11/09,20:45:11,22904542,120272808,0,1014,22,28,41,53,32,46,60
2016/11/09,20:45:12,22904542,120272808,0,1014,22,28,41,53,32,46,60
2016/11/09,20:45:13,22904542,120272808,0,1014,22,27,41,54,32,46,60
2016/11/09,20:45:14,22904542,120272808,0,1014,22,27,40,53,33,46,57
2016/11/09,20:45:15,22904542,120272808,0,1014,22,27,40,53,33,46,57
2016/11/09,20:45:17,22904542,120272808,0,1014,22,27,40,53,31,45,57
2016/11/09,20:45:18,22904542,120272808,0,1014,22,26,39,50,31,45,57
2016/11/09,20:45:19,22904542,120272808,0,1014,22,26,38,48,31,45,57
2016/11/09,20:45:20,22904542,120272808,0,1014,22,26,37,47,33,45,57
2016/11/09,20:45:21,22904542,120272808,0,1014,22,26,37,47,33,45,57
2016/11/09,20:45:23,22904542,120272808,0,1014,22,26,37,47,33,45,57
2016/11/09,20:45:24,22904542,120272808,0,1014,22,26,37,51,33,45,57
2016/11/09,20:45:25,22904542,120272808,0,1014,22,27,39,52,31,45,57
2016/11/09,20:45:26,22904542,120272808,0,1014,22,27,39,52,31,44,57
2016/11/09,20:45:27,22904542,120272808,0,1014,22,27,39,52,31,44,57
2016/11/09,20:45:29,22904542,120272816,0,1014,22,27,39,52,31,44,57
2016/11/09,20:45:30,22904542,120272816,0,1014,22,27,39,52,31,44,57
2016/11/09,20:45:31,22904542,120272816,0,1014,22,27,39,52,33,46,58
2016/11/09,20:45:32,22904542,120272816,0,1014,22,27,39,52,33,46,58
2016/11/09,20:45:33,22904542,120272816,0,1014,22,27,39,52,33,46,58
2016/11/09,20:45:35,22904544,120272816,0,1014,22,27,39,52,33,46,58
2016/11/09,20:45:36,22904544,120272816,0,1014,22,27,39,52,33,46,58
2016/11/09,20:45:37,22904544,120272816,0,1014,22,27,39,52,32,46,58
2016/11/09,20:45:38,22904544,120272816,0,1014,22,28,40,54,32,46,58
2016/11/09,20:45:39,22904544,120272816,0,1014,22,28,40,54,32,46,58
2016/11/09,20:45:41,22904544,120272816,0,1014,22,28,41,55,32,46,58
2016/11/09,20:45:42,22904544,120272816,0,1014,22,28,41,55,34,47,61
2016/11/09,20:45:43,22904544,120272816,0,1014,22,28,41,55,34,47,60
2016/11/09,20:45:44,22904544,120272816,0,1014,22,28,41,52,34,47,59
2016/11/09,20:45:45,22904544,120272816,0,1014,22,28,40,52,34,47,59
2016/11/09,20:45:47,22904544,120272824,0,1014,22,28,40,52,34,47,59
2016/11/09,20:45:48,22904544,120272824,0,1014,22,28,40,52,34,47,60
2016/11/09,20:45:50,22904544,120272824,0,1014,22,28,40,52,34,47,60
2016/11/09,20:45:51,22904544,120272824,0,1014,22,28,40,52,34,47,60
2016/11/09,20:45:52,22904544,120272824,0,1014,22,28,40,52,34,47,61
2016/11/09,20:45:54,22904542,120272824,0,1014,22,28,40,52,34,47,61
2016/11/09,20:45:55,22904542,120272824,0,1014,22,28,40,55,34,47,61
2016/11/09,20:45:56,22904542,120272824,0,1014,22,28,40,55,34,47,61
2016/11/09,20:45:57,22904542,120272824,1,1014,22,28,40,55,32,46,58
2016/11/09,20:45:58,22904542,120272824,1,1014,22,28,40,55,32,46,58
2016/11/09,20:45:59,22904542,120272824,1,1014,22,28,40,55,32,46,60
2016/11/09,20:46:01,22904534,120272816,2,1014,22,30,45,62,32,46,60
2016/11/09,20:46:02,22904534,120272816,3,1014,22,30,45,62,32,46,60
2016/11/09,20:46:03,22904534,120272816,3,1014,22,30,45,62,32,46,60
2016/11/09,20:46:04,22904534,120272816,3,1014,22,34,50,67,32,46,62
2016/11/09,20:46:05,22904534,120272816,3,1014,22,35,51,68,32,46,62
2016/11/09,20:46:07,22904534,120272816,4,1014,22,35,51,85,32,46,62
2016/11/09,20:46:08,22904492,120272824,5,1014,22,36,51,70,31,46,62
2016/11/09,20:46:09,22904492,120272824,5,1014,22,36,51,70,31,46,62
2016/11/09,20:46:10,22904492,120272824,6,1013,22,36,51,70,31,46,62
2016/11/09,20:46:11,22904492,120272824,6,1013,22,35,51,70,31,47,62
2016/11/09,20:46:12,22904492,120272824,7,1013,22,35,51,70,31,47,62
2016/11/09,20:46:13,22904492,120272824,8,1013,22,35,51,70,31,47,62
2016/11/09,20:46:15,22904496,120272824,8,1013,22,35,51,70,32,47,60
2016/11/09,20:46:16,22904496,120272824,8,1013,22,36,51,70,32,47,60
2016/11/09,20:46:17,22904496,120272824,7,1013,22,36,51,70,32,47,60
2016/11/09,20:46:18,22904496,120272824,7,1013,22,35,50,70,32,47,60
2016/11/09,20:46:19,22904496,120272824,8,1013,22,35,50,70,32,48,62
2016/11/09,20:46:20,22904496,120272824,8,1013,22,35,50,70,32,48,62
2016/11/09,20:46:22,22904488,120272792,7,1013,22,35,50,71,32,48,62
2016/11/09,20:46:23,22904488,120272792,8,1013,22,35,50,71,32,48,63
2016/11/09,20:46:24,22904488,120272792,9,1013,22,35,50,71,31,47,62
2016/11/09,20:46:25,22904488,120272792,8,1013,22,35,50,71,31,47,62
2016/11/09,20:46:26,22904488,120272792,7,1013,22,36,55,68,31,47,62
2016/11/09,20:46:27,22904488,120272792,8,1013,22,35,50,69,31,47,62
2016/11/09,20:46:29,22904498,120272752,7,1013,22,35,50,69,31,47,60
2016/11/09,20:46:30,22904498,120272752,8,1013,22,35,50,69,31,47,60
2016/11/09,20:46:31,22904498,120272752,7,1013,22,35,50,69,31,47,60
2016/11/09,20:46:32,22904498,120272752,7,1013,22,36,52,69,32,47,60
2016/11/09,20:46:33,22904498,120272752,7,1013,22,35,51,68,32,47,60
2016/11/09,20:46:34,22904498,120272752,7,1013,22,35,51,67,34,47,62
2016/11/09,20:46:36,22904530,120272744,8,1013,22,35,51,67,34,47,60
2016/11/09,20:46:37,22904530,120272744,8,1013,22,35,51,67,34,47,60
2016/11/09,20:46:38,22904530,120272744,8,1013,22,35,51,69,34,47,60
2016/11/09,20:46:39,22904530,120272744,8,1013,21,35,51,69,34,47,62
2016/11/09,20:46:41,22904530,120272744,9,1013,21,35,51,69,32,46,60
2016/11/09,20:46:43,22904530,120272744,9,1013,21,35,51,69,32,46,60
2016/11/09,20:46:44,22904530,120272744,9,1013,21,35,50,70,32,46,60
2016/11/09,20:46:45,22904530,120272744,10,1013,21,35,50,70,31,44,57
2016/11/09,20:46:46,22904530,120272744,11,1013,21,35,51,70,31,45,57
2016/11/09,20:46:47,22904530,120272744,11,1013,21,35,51,70,31,45,57
2016/11/09,20:46:48,22904530,120272744,12,1013,21,35,51,70,31,45,57
2016/11/09,20:46:50,22904536,120272744,11,1013,21,36,51,70,31,43,56
2016/11/09,20:46:51,22904536,120272744,12,1013,21,36,51,70,31,43,56
2016/11/09,20:46:52,22904536,120272744,13,1013,21,36,51,70,31,43,56
2016/11/09,20:46:53,22904536,120272744,12,1013,21,36,51,71,31,43,55
2016/11/09,20:46:54,22904536,120272744,13,1013,21,35,51,70,31,43,55
2016/11/09,20:46:55,22904536,120272744,13,1013,21,36,50,69,31,43,55
2016/11/09,20:46:57,22904536,120272752,14,1010,21,36,50,69,32,43,56
2016/11/09,20:46:58,22904536,120272752,14,1013,21,36,50,69,32,43,56
2016/11/09,20:46:59,22904536,120272752,14,1012,21,34,48,64,32,43,56
2016/11/09,20:47:00,22904536,120272752,14,1013,21,34,47,64,31,43,53
2016/11/09,20:47:02,22904536,120272752,13,1013,21,34,47,64,31,43,53
2016/11/09,20:47:02,22904536,120272752,13,1013,21,34,47,64,31,43,53
2016/11/09,20:47:04,22904538,120272744,13,1013,21,34,47,64,32,43,54
2016/11/09,20:47:05,22904538,120272744,13,1013,21,35,50,67,32,43,54
2016/11/09,20:47:06,22904538,120272744,13,1013,21,34,49,66,32,43,54
2016/11/09,20:47:07,22904538,120272744,12,1013,21,34,50,67,31,43,57
2016/11/09,20:47:08,22904538,120272744,13,1013,21,34,50,67,31,43,57
2016/11/09,20:47:09,22904538,120272744,11,1013,21,34,50,67,31,43,57
2016/11/09,20:47:11,22904538,120272744,13,1013,21,35,51,69,32,45,59
2016/11/09,20:47:12,22904538,120272744,12,1013,21,35,51,69,32,45,59
2016/11/09,20:47:13,22904538,120272744,12,1013,21,35,51,69,32,45,59
2016/11/09,20:47:14,22904538,120272744,13,1013,21,36,53,69,32,43,58
2016/11/09,20:47:15,22904538,120272744,13,1013,21,36,52,69,32,43,58
2016/11/09,20:47:16,22904538,120272744,14,1013,21,37,52,66,32,43,58
2016/11/09,20:47:18,22904536,120272744,16,1012,21,37,51,66,32,46,59
2016/11/09,20:47:19,22904536,120272744,17,1012,21,37,51,66,32,46,59
2016/11/09,20:47:20,22904536,120272744,17,1012,21,37,51,66,32,46,59
2016/11/09,20:47:21,22904536,120272744,18,1012,21,36,51,68,31,46,55
2016/11/09,20:47:23,22904536,120272744,19,1012,21,36,51,68,31,47,58
2016/11/09,20:47:25,22904536,120272744,20,1012,21,36,51,68,31,47,58
2016/11/09,20:47:26,22904536,120272744,21,1012,21,36,51,68,31,47,58
2016/11/09,20:47:27,22904536,120272744,21,1012,21,37,53,72,32,48,60
2016/11/09,20:47:28,22904536,120272744,21,1012,21,36,52,72,32,48,60
2016/11/09,20:47:29,22904536,120272744,22,1012,21,37,53,74,32,48,60
2016/11/09,20:47:31,22904536,120272744,23,1011,21,37,53,74,32,48,60
2016/11/09,20:47:32,22904508,120272752,22,1011,21,37,53,74,34,48,62
2016/11/09,20:47:33,22904508,120272752,24,1011,21,38,54,73,34,48,62
2016/11/09,20:47:34,22904508,120272752,25,1011,21,38,54,73,34,48,62
2016/11/09,20:47:35,22904508,120272752,26,1011,21,38,54,72,32,48,61
2016/11/09,20:47:36,22904508,120272752,27,1011,21,38,54,72,32,48,61
2016/11/09,20:47:37,22904508,120272752,27,1011,21,38,54,72,32,48,61
2016/11/09,20:47:39,22904500,120272752,29,1011,21,38,53,70,32,47,60
2016/11/09,20:47:40,22904500,120272752,29,1011,21,38,53,70,32,47,60
2016/11/09,20:47:41,22904500,120272752,31,1011,21,38,53,70,32,47,60
2016/11/09,20:47:42,22904500,120272752,32,1010,21,38,54,71,32,47,61
2016/11/09,20:47:43,22904500,120272752,31,1010,21,38,54,71,32,47,60
2016/11/09,20:47:44,22904500,120272752,32,1010,21,37,53,70,34,48,63
2016/11/09,20:47:46,22904500,120272752,32,1010,21,37,53,70,34,48,63
2016/11/09,20:47:47,22904500,120272752,32,1010,21,37,53,70,34,48,63
2016/11/09,20:47:48,22904500,120272752,31,1010,21,37,53,69,34,47,63
2016/11/09,20:47:49,22904500,120272752,31,1010,21,36,53,71,34,48,64
2016/11/09,20:47:50,22904500,120272752,31,1010,21,36,53,72,34,48,63
2016/11/09,20:47:51,22904500,120272752,31,1010,21,36,53,72,34,48,63
2016/11/09,20:47:53,22904500,120272752,31,1010,21,36,53,72,34,48,63
2016/11/09,20:47:54,22904500,120272752,31,1010,21,36,52,70,32,46,60
2016/11/09,20:47:56,22904500,120272752,31,1010,21,36,52,71,32,47,61
2016/11/09,20:47:57,22904500,120272752,31,1011,21,36,52,71,32,47,61
2016/11/09,20:47:58,22904500,120272752,31,1010,21,36,52,71,32,47,61
2016/11/09,20:48:00,22904500,120272760,32,1010,21,36,52,69,32,46,58
2016/11/09,20:48:01,22904500,120272760,32,1010,21,36,52,69,32,46,58
2016/11/09,20:48:02,22904500,120272760,32,1010,21,36,52,69,32,46,58
2016/11/09,20:48:03,22904500,120272760,32,1010,21,35,51,67,32,46,57
2016/11/09,20:48:04,22904500,120272760,31,1010,21,35,51,67,32,46,57
2016/11/09,20:48:05,22904500,120272760,31,1010,21,35,51,67,32,46,59
2016/11/09,20:48:08,22904500,120272760,31,1010,21,35,51,67,32,46,59
2016/11/09,20:48:09,22904500,120272760,31,1010,21,36,52,67,31,46,58
2016/11/09,20:48:10,22904500,120272760,32,1010,21,36,52,67,31,44,57
2016/11/09,20:48:11,22904500,120272760,31,1011,21,36,52,67,31,44,57
2016/11/09,20:48:12,22904500,120272760,32,1010,21,36,52,67,31,44,57
2016/11/09,20:48:14,22904504,120272752,31,1010,21,36,52,67,31,44,57
2016/11/09,20:48:15,22904504,120272752,31,1010,21,36,51,64,31,43,54
2016/11/09,20:48:16,22904504,120272752,32,1010,21,36,52,67,31,43,54
2016/11/09,20:48:17,22904504,120272752,31,1010,21,37,53,69,31,43,54
2016/11/09,20:48:18,22904504,120272752,31,1010,21,37,53,69,31,43,54
2016/11/09,20:48:19,22904504,120272752,31,1010,21,37,53,69,31,43,54
2016/11/09,20:48:21,22904504,120272752,31,1010,21,37,52,70,32,43,54
2016/11/09,20:48:22,22904504,120272752,31,1010,21,37,52,70,32,43,54
2016/11/09,20:48:23,22904504,120272752,31,1010,21,37,52,70,32,43,54
2016/11/09,20:48:24,22904504,120272752,31,1010,21,36,53,68,31,43,54
2016/11/09,20:48:25,22904504,120272752,32,1010,21,36,53,68,31,43,56
2016/11/09,20:48:26,22904504,120272752,32,1010,21,36,53,68,31,43,56
2016/11/09,20:48:28,22904502,120272752,31,1010,21,36,52,67,31,43,56
2016/11/09,20:48:29,22904502,120272752,32,1010,21,36,52,67,31,43,56
2016/11/09,20:48:30,22904502,120272752,32,1010,21,36,52,67,32,45,54
2016/11/09,20:48:31,22904502,120272752,32,1010,21,36,54,71,32,44,54
2016/11/09,20:48:32,22904502,120272752,30,1011,21,36,54,73,32,44,54
2016/11/09,20:48:33,22904502,120272752,31,1011,21,38,55,74,32,44,57
2016/11/09,20:48:35,22904502,120272760,31,1010,21,38,55,74,32,44,57
2016/11/09,20:48:36,22904502,120272760,32,1010,21,38,55,74,31,44,57
2016/11/09,20:48:37,22904502,120272760,32,1010,21,38,54,73,31,44,58
2016/11/09,20:48:38,22904502,120272760,32,1010,21,38,54,73,31,43,57
2016/11/09,20:48:39,22904502,120272760,30,1011,21,38,54,73,31,43,57
2016/11/09,20:48:40,22904502,120272760,32,1010,21,38,54,73,31,43,57
2016/11/09,20:48:42,22904504,120272760,32,1010,21,38,54,73,31,43,58
2016/11/09,20:48:43,22904504,120272760,31,1010,21,37,54,71,31,43,58
